time,x,y,z,phi,theta,psi,x_velocity,y_velocity,z_velocity,phi_velocity,theta_velocity,psi_velocity,rotor_speed1,rotor_speed2,rotor_speed3,rotor_speed4
0.06,-5.35897284099e-06,1.93752030178e-06,10.0030002756,0.000377890143408,0.0011896346204,0.0,-0.000313459048267,0.000111332387782,0.100004861174,-0.00804002572244,-0.0132081247588,0.0,437.15335395473613,436.05164072823965,437.53490663672267,436.8651990273748
0.12000000000000001,-5.01361830013e-05,6.75455085162e-05,10.0161130942,0.0105904495212,0.000392592020551,0.0,-0.00108420909864,0.00337006211247,0.337043706705,-0.045084694804,-0.0153533644765,0.0,478.1443282281045,477.9810241925675,480.22127117126735,477.40346043330555
0.18,-0.000127952203037,0.000516346270515,10.0430679599,0.00793388736685,0.00131816993482,0.0,-0.00160453519829,0.0112739024492,0.561371166785,-0.0489799342276,-0.00161838580358,0.0,473.79817679023324,474.85292781828383,475.5723792141118,475.2728527006397
0.23999999999999996,-0.000302750637072,0.00139743032629,10.0863667211,0.00574091354113,0.0102585258938,0.0,-0.00538244061218,0.0177876335877,0.881727032584,-0.0406439752534,0.0301351590696,0.0,501.8570670373802,504.15619310611305,501.3978505449211,502.00200763330696
0.3,-0.00087499507892,0.00258568296655,10.144165142,0.0035953110862,0.0148236392414,0.0,-0.0141802227197,0.0215892207554,1.04474732778,-0.0478944037518,0.0471635521769,0.0,456.7023917288482,458.0589475602019,457.4672311357204,456.88863531190293
0.36000000000000004,-0.00213250137169,0.00396246484319,10.2156826516,0.000819400703428,0.0176944682812,0.0,-0.0281056645546,0.0239364753502,1.33886764409,-0.0454654621463,0.0484856989014,0.0,495.6536775139961,495.7519392966941,495.8156408968129,495.9929591731765
0.4200000000000001,-0.00419116570214,0.00541725551803,10.2987684899,0.00100081620784,0.0206602189438,0.0,-0.0408116393661,0.0245949299835,1.43054392064,-0.0653890583455,0.0501548665326,0.0,435.6565614155446,435.79763392076546,437.2638494009633,435.59924019450534
0.48000000000000015,-0.00711409290239,0.00690396903978,10.3892216875,6.28126006561,0.0241243498248,0.0,-0.056989035448,0.0246538018971,1.58435359848,-0.0775947165457,0.0564393118998,0.0,454.25707586514284,454.7624057816594,457.39529623886125,456.4187619446163
0.5400000000000001,-0.0110842307821,0.00832326513528,10.4882405502,6.2766347632,0.0310689136922,0.0,-0.0761084916466,0.0221668384956,1.71606397658,-0.0810506053901,0.0345406002036,0.0,450.5246319639903,448.7521940848234,449.26473341954136,448.9795738026694
0.6000000000000002,-0.016261129111,0.0095097227764,10.5928887739,6.27186662971,0.033509417242,0.0,-0.0966928784209,0.0169316651418,1.77211252048,-0.0858329628635,0.0265870395562,0.0,425.4300369283886,424.748953120658,426.67257735363114,426.2582450728876
0.6600000000000003,-0.0227261120939,0.0102971379141,10.7006200412,6.26805550336,0.0399761200603,0.0,-0.119436654266,0.00897125679045,1.81882782343,-0.099765523397,0.0011791773337,0.0,423.2328048954662,421.0404764628803,424.35714692902627,423.1522414249236
0.7200000000000003,-0.0306539474346,0.0105298412973,10.8111214353,6.26288667598,0.0400739537108,0.0,-0.144830313303,-0.00168829315735,1.86446854853,-0.110940859558,0.00214483625523,0.0,422.64208012110373,422.7252628538255,423.4174291403551,422.44503509218634
0.7800000000000004,-0.0399402790681,0.0101131603992,10.9200625696,6.25677702782,0.0423254121055,0.0,-0.164874100569,-0.0126420530367,1.76704144389,-0.120330512083,0.0169502303149,0.0,372.0637160366224,373.5102775788022,373.5492551762337,372.6181850336505
0.8400000000000004,-0.0508618063159,0.00876607397637,11.031503752,6.26106347456,0.0536859806095,0.0,-0.200499255027,-0.031718171968,1.94732125192,-0.158709258434,-0.0195012184339,0.0,466.430828073834,463.57553168318447,466.47567136189946,463.4536079292834
0.9000000000000005,-0.0639920514008,0.00637636803895,11.1512216125,6.25240395578,0.0526832754276,0.0,-0.237062741996,-0.048800799385,2.04308776059,-0.170157630055,-0.0160618483241,0.0,439.0756970265228,439.360980975104,440.5861215856244,439.61314829225125
0.9600000000000005,-0.0793731327057,0.00273045178589,11.2781291021,6.24237632504,0.0518384080384,0.0,-0.27554156079,-0.0738126310507,2.18686009705,-0.166535696869,-0.0212243918888,0.0,455.86745606942173,455.4548460179206,454.28458968566747,454.5482616497311
1.0200000000000005,-0.0970972568778,-0.00268064093975,11.4147105451,6.23245239902,0.0505886368687,0.0,-0.315103226062,-0.107664617443,2.3654536687,-0.170839811821,-0.0203548618474,0.0,466.11632017701197,466.18429657145475,466.4905205347306,466.1287597856654
1.0800000000000005,-0.117087649822,-0.0102589715719,11.5602341599,6.22240481393,0.0515583623181,0.0,-0.351352350841,-0.145979386066,2.48500953653,-0.177118289966,-0.0378141965952,0.0,449.7216989424542,448.3051764736395,449.42403029298106,448.886459833556
1.1400000000000006,-0.13926340666,-0.0203226237951,11.7126362335,6.21515308549,0.0541920901158,0.0,-0.38807759146,-0.190228155163,2.59474306995,-0.158157923241,-0.0147295708207,0.0,444.6995549423624,446.5861165089033,447.0250835166573,448.5396889131409
1.2000000000000006,-0.163781414793,-0.033305032311,11.8733293456,6.20904248871,0.0536562585733,0.0,-0.429119618386,-0.243150111351,2.76124897168,-0.179530974737,-0.022501773857,0.0,465.26350606653637,464.6546985734064,465.47705065285186,463.7766188609399
1.2600000000000007,-0.190545170752,-0.0493253386269,12.0401448251,6.19922315798,0.0540743427607,0.0,-0.4630298096,-0.291772019404,2.79908690713,-0.169973627727,-0.00908598264683,0.0,424.2980351507545,425.4482851510044,425.35805864170874,426.14431011156285
1.3200000000000007,-0.219769111641,-0.0691113401892,12.2169406879,6.1894855143,0.0535917966309,0.0,-0.51100601067,-0.368976118654,3.09322513284,-0.163642446992,-0.0132782197429,0.0,503.7159116064872,503.4127971059485,502.37073620021727,502.8062100206394
1.3800000000000008,-0.251637087889,-0.0933785557013,12.4071339716,6.18082074594,0.0541501802543,0.0,-0.551316736447,-0.440851218733,3.24600312766,-0.153015755855,-0.0272864457279,0.0,464.7265313493746,463.62727385825934,463.0832717544186,463.8952542799192
1.4400000000000008,-0.285974482182,-0.122242522786,12.6073409389,6.17186266152,0.0526583169023,0.0,-0.593063970557,-0.522250229868,3.42690434671,-0.148907739275,-0.0241415499485,0.0,473.4349190513357,473.67673930241546,473.07075273420145,473.3668502265613
1.5000000000000009,-0.322692745852,-0.155977491779,12.8164727238,6.16395624872,0.0539910594956,0.0,-0.630983737942,-0.603041517202,3.54365717581,-0.138936934417,-0.00703345438667,0.0,454.8960742737424,456.26408110214396,454.6871492041947,455.4660043030124
1.560000000000001,-0.361894414239,-0.195084094152,13.0355179859,6.15561303951,0.0596740869957,0.0,-0.676348309581,-0.701408853196,3.75695602901,-0.140914394417,0.0188598407149,0.0,485.0420137933504,486.98277100182185,484.6692762234848,484.50429694364334
1.620000000000001,-0.403679811324,-0.23973617614,13.2630458246,6.14748283959,0.0611575563394,0.0,-0.716626883035,-0.787745039967,3.82690598184,-0.148471590621,0.0242677662981,0.0,443.90971192993874,444.3532758580772,443.3713151749391,442.73066327745056
1.680000000000001,-0.447898255585,-0.289619909731,13.4939381994,6.13883834321,0.073277890074,0.0,-0.758416093825,-0.875811671819,3.86910085909,-0.155425700662,0.0588607754757,0.0,434.4194495794063,437.3114215437683,435.65466259971885,435.05083271635823
1.740000000000001,-0.495206218006,-0.345694195795,13.7323811531,6.13026535416,0.0768730035147,0.0,-0.81889398076,-0.994234103314,4.07799308408,-0.147048155694,0.0546509900841,0.0,487.6793482279341,487.36673995824907,487.36767898500386,487.97377013835177
1.8000000000000012,-0.546005190726,-0.408584795426,13.9802447097,6.12590608809,0.0843112820589,0.0,-0.875167651969,-1.10251555336,4.18350527569,-0.125074163837,0.0310778276911,0.0,459.73390004794305,457.863402738904,457.5855900376476,459.3141963206003
1.8600000000000012,-0.600588207758,-0.478581311472,14.237579773,6.11842487435,0.0864599496807,0.0,-0.944447907573,-1.23144841576,4.39325550582,-0.124218211157,0.0358375509952,0.0,490.7159840791204,491.0695031213859,491.2485012083863,491.29944951422755
1.9200000000000013,-0.65904199464,-0.555844408609,14.5036087171,6.11202762762,0.0886284429723,0.0,-1.00420376103,-1.34457039215,4.47381533816,-0.114098956209,0.0327323218829,0.0,454.19012596706443,453.94147188970163,454.2632691525582,455.0612670986221
1.9800000000000013,-0.721098889497,-0.639963138336,14.7740807832,6.10525641057,0.0918869424842,0.0,-1.06466682764,-1.45998854283,4.54137320085,-0.112073516144,0.0190107144128,0.0,452.5969984831549,451.4913596966365,450.83392861060645,450.98632711308744
2.0400000000000014,-0.786623007221,-0.730718840651,15.0462383843,6.09854052542,0.0931009743194,0.0,-1.1195848671,-1.56577709906,4.5303516984,-0.114844235078,0.014609599544,0.0,427.3549835906927,426.9795668749971,427.16697992263,426.9186813058129
2.1000000000000014,-0.855760985593,-0.82851042058,15.3208238989,6.0958789646,0.0940355432893,0.0,-1.18507385315,-1.69411724929,4.6219299254,-0.138604571915,0.0163077115653,0.0,460.54099970904196,460.6751980116496,461.4223696833328,459.52942191958124
2.1600000000000015,-0.928353059907,-0.933093331606,15.5957084609,6.08835965728,0.0952085338467,0.0,-1.2347832337,-1.7926137929,4.54096976065,-0.129952646553,0.0200859571006,0.0,404.9843396885527,405.32405334105675,404.0926231103598,404.85292796897687
2.2200000000000015,-1.00441013936,-1.04460101624,15.8702143526,6.08065586523,0.101777218299,0.0,-1.30109081387,-1.92498148609,4.60853679691,-0.12759736592,-0.00651214247002,0.0,455.1519694202772,453.0179191216105,454.4235622678865,454.59748913068825
2.2800000000000016,-1.08409624736,-1.16329642866,16.1443383185,6.07321070606,0.101909169019,0.0,-1.35516781433,-2.03215872889,4.52898362929,-0.133967743204,-0.0157222278945,0.0,408.12936688220145,407.3064776178513,405.88247616260884,405.29305887874324
2.3400000000000016,-1.16790916839,-1.29032428525,16.4220919655,6.07137309192,0.101038642577,0.0,-1.43840510845,-2.20211536969,4.72840376034,-0.16247245054,-0.0137321240824,0.0,494.75720527757886,494.9038509885308,497.1665423626445,495.05645216022367
2.4000000000000017,-1.25608884339,-1.42633961505,16.7058621648,6.06599093915,0.101026414069,0.0,-1.50092842308,-2.33222238401,4.73029403828,-0.140752200191,-0.0248742059262,0.0,437.76692389681136,436.83871335535446,435.3570892682404,437.1476914521055
2.4600000000000017,-1.34830098772,-1.57083214697,16.9922784243,6.06024241404,0.103774273381,0.0,-1.57306948043,-2.48465962641,4.8161428775,-0.159981894535,-0.0486636911717,0.0,464.7471946675118,462.8781470908232,465.64232614663996,464.1160360775969
2.520000000000002,-1.44471983867,-1.72426302673,17.2822991639,6.05156087529,0.10101105729,0.0,-1.64062666825,-2.63046020302,4.85066640065,-0.171743644234,-0.054362123178,0.0,450.1363032498926,449.67326460314524,450.13409013262776,449.15580463675644
2.580000000000002,-1.54567670261,-1.88783230429,17.5794634433,6.04240300107,0.0988728447939,0.0,-1.72423629847,-2.82269864354,5.05333334282,-0.161152737108,-0.043889253218,0.0,501.57011346877897,502.3289092120458,501.89528791578425,502.63997524603144
2.640000000000002,-1.65068538596,-2.06092739263,17.8797026041,6.03407240677,0.0968109313543,0.0,-1.77595037271,-2.94785538136,4.9547254193,-0.175084552907,-0.0367220682045,0.0,409.2629331912934,409.8994167669852,409.64078541525555,408.37083993854213
2.700000000000002,-1.75905400232,-2.24237660701,18.1768103921,6.02915932011,0.0947627431834,0.0,-1.83617253015,-3.10088263954,4.94855008711,-0.202218015211,-0.042400749781,0.0,440.5473834030093,440.07675251205006,442.19863988694635,439.92409085740394
2.760000000000002,-1.87110689424,-2.43339856482,18.4745372294,6.01771540163,0.0933282372498,0.0,-1.89876835162,-3.26749656463,4.97494746574,-0.212592336153,-0.0319998668016,0.0,452.26310065503816,453.099472812841,452.14594657597803,451.2683587314797
2.820000000000002,-1.98658266475,-2.63371975529,18.7704105982,6.00521536328,0.097317115227,0.0,-1.95073577689,-3.41088112261,4.88724608046,-0.208127765836,-0.00654467030233,0.0,415.21348590301403,417.44103632860504,414.58182899217263,414.9266159222145
2.880000000000002,-2.10526920731,-2.84294251264,19.0613047696,5.99313488784,0.0980629410172,0.0,-2.00556300354,-3.56420495318,4.8089322327,-0.202236482656,0.00400529901914,0.0,419.0701687637703,419.98644850734513,419.124309595018,419.59159765111286
2.940000000000002,-2.22811034193,-3.06398891603,19.3555146781,5.9821628747,0.102033052905,0.0,-2.08951839233,-3.80490505932,4.99619961876,-0.215308178612,-0.0183846287488,0.0,506.08269600472784,504.4683400904419,504.7160976527282,503.7351955783329
3.000000000000002,-2.35563367436,-3.29849398783,19.6568266004,5.96923357135,0.100981230336,0.0,-2.16111285453,-4.01301258462,5.04637991178,-0.216127552037,-0.0168295491436,0.0,466.81892316894834,466.94036213108126,466.9543502374899,466.84696023113287
3.0600000000000023,-2.4873224502,-3.54537029294,19.9599322263,5.95999331658,0.100859209897,0.0,-2.22849228388,-4.21697689513,5.05629037559,-0.196145713884,-0.0284205042632,0.0,456.65621821668043,455.7305078633418,455.7745984447587,457.3272759942917
3.1200000000000023,-2.62291638213,-3.80420469936,20.2621750378,5.95049514644,0.103160902799,0.0,-2.29148208098,-4.41161341152,5.01783167449,-0.213897350132,-0.00765991426192,0.0,441.05825795836734,442.769897643538,443.3364481189285,441.8348278639645
3.1800000000000024,-2.76216226289,-4.07437836092,20.5605178893,5.9381873057,0.102989938574,0.0,-2.35006251233,-4.59517630375,4.92649212505,-0.223133960893,-0.00285358746015,0.0,426.2556076609106,426.66634724244756,425.20274352800806,424.36153965297467
3.2400000000000024,-2.90596942814,-4.35916593397,20.8627111204,5.92850783186,0.104670156399,0.0,-2.44353625733,-4.89834806192,5.14427368176,-0.24546536245,0.0109001340323,0.0,524.0757696478169,525.0310113314521,524.8462188059075,523.249613309542
3.3000000000000025,-3.05494547346,-4.66073863712,21.1733307192,5.91408492052,0.110834710596,0.0,-2.52287624041,-5.15512684865,5.20788179545,-0.252835127922,-0.0160428855996,0.0,484.0774717315989,482.04527366806593,483.60164467318947,482.9898827795266
3.3600000000000025,-3.20876628887,-4.97790319859,21.4873591547,5.90358736497,0.113813781002,0.0,-2.60466913525,-5.41777776798,5.25814799592,-0.230327122485,0.00453870782662,0.0,481.9241658278096,483.4778096500842,481.9036142174343,483.5474442994971
3.4200000000000026,-3.36681938695,-5.30867550953,21.7983358322,5.8898801941,0.114095060175,0.0,-2.66384496072,-5.6090552697,5.10738171456,-0.227663650274,0.00175297593227,0.0,418.6441697778794,418.40156554749603,417.9830801858159,418.1592421649365
3.4800000000000026,-3.52837355585,-5.6509289454,22.0996740415,5.87621537402,0.1142161594,0.0,-2.72136948399,-5.80048889192,4.93693622767,-0.229783689376,0.00238342741668,0.0,412.06395005641343,412.1196548093497,411.985999662217,411.7420849721908
3.5400000000000027,-3.69377723842,-6.00619335673,22.393727788,5.86296797834,0.116953207003,0.0,-2.79227410474,-6.0426335561,4.86376998056,-0.239121532899,0.0188674783912,0.0,445.9656999974664,447.31037886413907,449.21482620053195,448.4032882209096
3.6000000000000028,-3.86378141225,-6.37714604934,22.6852992701,5.84880723483,0.128836684681,0.0,-2.87546915596,-6.32332552543,4.85338754168,-0.245204740031,0.0536063399101,0.0,470.25583417417414,472.94013833823556,472.027591017324,471.50334428017555
3.660000000000003,-4.03868255924,-6.76425690062,22.9740283208,5.8350630825,0.132531896664,0.0,-2.95483128485,-6.58132084299,4.76964589456,-0.257251696281,0.0447313899784,0.0,450.84797930905415,450.1317316352265,452.05285632729453,451.0195089182461
3.720000000000003,-4.21861519509,-7.16769366136,23.2588202871,5.8214563152,0.14233134578,0.0,-3.04363499988,-6.86739372579,4.72162793416,-0.243592612211,0.0727767400848,0.0,465.3904442595556,467.5829027982016,465.85938811583276,466.8657681305589
3.780000000000003,-4.40358670816,-7.58713224541,23.5377594586,5.81456186436,0.147040969171,0.0,-3.12243711938,-7.11456450963,4.57571142669,-0.275257013741,0.0781034082186,0.0,435.2304371185608,435.68064214183653,437.42687401492066,434.7146488863583
3.840000000000003,-4.59399819471,-8.02340653412,23.811555484,5.8194977707,0.156777206788,0.0,-3.22539513657,-7.42758274885,4.54985615322,-0.22570845589,0.101549276493,0.0,478.40903854665527,480.19694618441656,476.4683029516156,480.1804281226911
3.900000000000003,-4.79002606034,-8.47642305522,24.0795807776,5.80717546247,0.163641881662,0.0,-3.30932778102,-7.67388857527,4.38334539289,-0.239070091886,0.110046428261,0.0,432.67793024590725,433.40275982428767,432.64823527031933,431.46696397354964
3.960000000000003,-4.99138230373,-8.94492739982,24.3384191485,5.79463319929,0.173661859414,0.0,-3.40322880041,-7.94373970809,4.24320389921,-0.255025621009,0.0885601970809,0.0,445.6342382993734,443.88310788957693,445.55913139306625,444.1925352226788
4.020000000000002,-5.19892294864,-9.43091859927,24.59070047,5.78721574074,0.180326800419,0.0,-3.51521922874,-8.25646683654,4.16456428479,-0.225445303263,0.100150270704,0.0,469.9401296628502,470.84462327070634,467.9930181861234,470.2338991073958
4.080000000000001,-5.41294640786,-9.93493482931,24.8363736371,5.77493958919,0.187520267609,0.0,-3.61933095124,-8.54488266493,4.02298480739,-0.21433781704,0.110931912,0.0,451.11998906803734,451.9992155185298,451.1393275594974,451.98778052616217
4.14,-5.63290735974,-10.4553847247,25.0713961555,5.76405703896,0.19639932194,0.0,-3.71327222643,-8.80432833366,3.81006697675,-0.230991472257,0.0933538655715,0.0,428.50458553044706,427.01727345550813,430.5762480230031,429.11474588880765
4.199999999999998,-5.85905788576,-10.992667968,25.2953142329,5.75195963746,0.206483176939,0.0,-3.82570064812,-9.10584418703,3.65209591336,-0.217602137517,0.0689292966872,0.0,453.78508358786803,451.8253846329711,451.3952707753649,452.4248761286685
4.259999999999997,-6.09159963679,-11.5470783892,25.507512785,5.73978732236,0.21094746275,0.0,-3.92597293265,-9.37548429592,3.42005094201,-0.208435332505,0.0613363757979,0.0,429.4638228112946,428.82252231782644,427.7610049301553,428.49388572260233
4.319999999999996,-6.33083511591,-12.1193675616,25.7080393759,5.73050024682,0.214619613831,0.0,-4.04869701205,-9.70152382724,3.26247858658,-0.18994589091,0.0608267315971,0.0,459.74153924179404,459.7036733706421,459.0801374711181,460.50681795069625
4.379999999999995,-6.57704576466,-12.7103509392,25.8971382963,5.72163083693,0.218462326218,0.0,-4.15855435547,-9.99881395264,3.0395701507,-0.173690794183,0.0645876030643,0.0,439.2145562087099,439.52929417202404,438.70764114283736,440.02237132312786
4.439999999999993,-6.82996567745,-13.3194938712,26.0728714132,5.72411642042,0.224423896161,0.0,-4.27259115012,-10.3066989114,2.81767245714,-0.214265701019,0.079255347119,0.0,441.5548015565188,442.76734764386805,444.1900400401753,440.8142996647713
4.499999999999992,-7.09030572033,-13.9484078352,26.2369365106,5.71152051828,0.229168259596,0.0,-4.4055490967,-10.657840494,2.64887819419,-0.221181031462,0.0776995069587,0.0,464.60997351442427,464.49258805974523,465.4897413238416,464.9039931810506
4.559999999999991,-7.35915433766,-14.5997011842,26.3921989372,5.69848430477,0.235478119924,0.0,-4.5562122184,-11.0524515744,2.52354686357,-0.2169418098,0.0906123979586,0.0,486.9580502125495,487.9281766341395,485.297027184957,485.5719156318508
4.6199999999999894,-7.63732992349,-15.2753412138,26.5402553009,5.70140968253,0.240958780773,0.0,-4.7165897569,-11.4690676283,2.40988316889,-0.174388561732,0.0868212129232,0.0,496.54289174650086,496.270336202145,495.2645771761871,498.3500401438999
4.679999999999988,-7.92532162538,-15.9762979874,26.6815799201,5.70824502321,0.248353632454,0.0,-4.8836489515,-11.8962813219,2.29944106455,-0.221166998149,0.0693815510165,0.0,502.54938687844265,501.2877522754659,502.7961490620349,499.36351924471745
4.739999999999987,-8.2216751985,-16.6992083661,26.8101706581,5.69553458386,0.252636605088,0.0,-4.99500936428,-12.2019051332,1.98528995484,-0.230650622804,0.0721624007395,0.0,431.0651504063238,431.304119620576,431.0954296080098,430.24123835584703
4.799999999999986,-8.52548214032,-17.4422633883,26.921917481,5.68301480431,0.257073995432,0.0,-5.13195458511,-12.5674849826,1.73712582296,-0.244491619811,0.0671727035369,0.0,462.4674651381945,462.07770603460455,461.154874483578,460.0066960378045
4.859999999999984,-8.83605055829,-18.2042839732,27.0136822126,5.66921348128,0.261659145642,0.0,-5.22063454442,-12.8346590029,1.32049579774,-0.235415889916,0.057725166216,0.0,399.3120788706871,398.45238101013587,398.84823680149304,399.61123841588255
4.919999999999983,-9.15243785789,-18.9835740236,27.0815250866,5.65593146102,0.266203419451,0.0,-5.32581519297,-13.1429934537,0.939171651823,-0.226488530612,0.067976112204,0.0,418.3612286135132,419.2561746299772,417.4606105887382,418.18172613921007
4.979999999999982,-9.47623937441,-19.7839184566,27.1292607715,5.64290645582,0.270421512468,0.0,-5.46754331119,-13.5360548214,0.649112669539,-0.236006362539,0.0625114347568,0.0,461.96150074933627,461.5332844883477,460.7767680331853,459.97290681595035
5.0399999999999805,-9.80705095864,-20.6048200164,27.1547076819,5.62976799305,0.276954550218,0.0,-5.55982917696,-13.8288462929,0.197454744513,-0.226069111022,0.0429992786398,0.0,401.3007823853573,399.52731541855155,400.84458467524865,401.68684744897274
